1 00000000000000000000001010010011 2
2 00000000011000000000001100010011 2
3 01000000010100110000001110110011 1
4 11111111111000110000001100010011 2
5 11111111111100111000001110010011 2
6 00000000000100111101001110010011 2
7 00000000000100000000010000010011 2
8 00000000000000111000101001100011 3
9 00000000000000101000010100000011 2
10 00000000000000110000010110000011 2
11 00000000101101010000001101100011 3
12 00000000000000000000010000110011 1
13 00000000101000000000000001101111 5
14 00000000000100101000001010010011 2
15 11111111111100110000001100010011 2
16 11111111111100111000001110010011 2
17 11111110111111111111000001101111 5
18 0 0
